00000000001000000000000010010011
00000000001100000000000100010011
00000000010000000000001010010011
00000000010100000000001100010011
00000000011000000000001110010011
00000000011100000000010000010011
00000000100000000000010010010011
00000000100100000000010100010011
00000000101000000000010110010011
00000000101100000000011000010011
00000000110000000000011010010011
00000000110100000000011100010011
00000000111000000000011110010011
00000000111100000000100000010011
00000001000000000000100010010011
00000001000100000000100100010011
00000001001000000000100110010011
00000001001100000000101000010011
00000001010000000000101010010011
00000001010100000000101100010011
00000001011000000000101110010011
00000001011100000000110000010011
00000001100000000000110010010011
00000001100100000000110100010011
00000001101000000000110110010011
00000001101100000000111000010011
00000001110000000000111010010011
00000001110100000000111100010011
00000001111000000000111110010011
00000000000000000000000001101111
